 1.49 6.57
  6.59 11.17
  11.21 13.57
  14.31 20.34
  20.74 22.75
  22.75 25.44
  25.43 26.36
  29.62 32.7
  33.07 34.69
  34.98 40.64
  41.81 43.95
  62.26 64.7
  64.94 67.01
  77.92 84.91
  85.42 89.34
  89.39 94.4
  95.49 98.36
  102.43 108.51
  108.55 112.0
  112.02 117.26
  117.33 119.45
  119.5 122.11
  122.32 123.29
  140.27 146.51
  147.88 151.96
  152.61 154.3
  157.42 163.87
  164.11 165.19
  168.71 172.42
  172.42 173.72
  174.62 185.23
  185.73 188.29
  188.24 188.65
  189.96 194.98
  194.89 197.2
  214.01 218.82
  218.97 221.31
  226.93 230.79
  231.08 234.22
  234.22 237.08
  237.67 240.35
  241.06 244.02
  244.29 244.9
  245.85 249.28
  249.87 250.85
  250.97 254.58
  254.9 257.21
  261.25 265.6
  265.65 269.12
  269.37 272.2
  273.56 276.69
  276.79 279.11
  281.22 285.36
  286.1 289.76
  291.38 295.38
  295.71 302.0
  302.12 305.94
  306.1 308.95
  308.99 310.93
  322.81 331.04
  331.92 338.36
  338.99 344.19
  344.4 348.55
  348.56 353.42
  354.05 357.61
  357.67 363.37
  363.54 364.6
  365.13 367.8
  367.91 370.6
  370.73 373.18
  373.36 375.34
  375.29 377.88
  377.92 379.67
  390.73 393.13
  393.52 395.53
  404.82 410.08
  411.01 414.34
  414.38 418.22
  419.45 422.78
  422.9 425.45
  425.68 427.67
  427.73 430.92
  430.99 433.63
  435.62 438.44
  438.38 443.17
  443.26 443.92
  445.64 448.38
  448.5 450.19
  467.0 470.57
  470.55 473.52
  473.78 477.23
  477.47 480.06
  480.17 485.25
  485.29 487.22
  487.66 494.84
  495.53 499.67
  499.85 502.89
  503.23 505.08
  505.12 511.21
  512.84 521.16
  546.59 551.57
  552.48 555.56
  555.7 558.13
  558.4 560.26
  611.89 613.89
  615.83 617.41
  617.88 620.0
  620.27 624.2
  624.37 625.65
  630.71 634.1
  634.22 635.65
  637.07 640.84
  641.31 643.53
  651.62 654.11
  654.11 655.27
  655.23 658.64
  659.0 660.76
  660.86 661.36
  661.61 664.93
  664.97 677.27
  677.89 681.0
  683.14 685.81
  686.0 687.12
  687.63 690.41
  695.42 698.93
  699.06 701.54
  703.56 707.88
  707.8 708.74
  730.12 735.52
  736.33 741.36
  743.3 748.05
  749.89 752.51
  752.52 753.95
  754.39 757.63
  765.13 767.54
  767.62 770.11
  770.25 774.72
  774.94 776.38
  776.48 782.54
  782.62 785.86
  796.37 801.6
  802.08 806.5
  806.53 809.68
  809.84 812.11
  820.51 822.81
  823.61 825.94
  869.37 871.7
  872.32 874.67
  874.64 877.71
  877.74 880.24
  881.81 889.83
  891.37 897.57
  898.29 906.0
  906.38 909.54
  909.58 912.27
  912.39 913.6
  913.66 917.79
  919.07 920.05
  920.68 926.96
  927.7 932.32
  933.36 935.91
  935.87 937.9
  939.66 943.64
  944.23 946.12
  950.38 954.66
  954.68 956.49
  956.54 957.02
  1031.48 1033.99
  1034.12 1036.18
  1036.2 1039.91
  1039.94 1042.1
  1042.08 1046.59
  1046.83 1051.63
  1051.69 1058.71
  1058.85 1062.54
  1062.64 1068.65
  1069.12 1071.43
  1071.72 1078.83
  1078.86 1081.97
  1119.72 1124.75
  1124.79 1126.46
  1126.44 1133.87
  1133.91 1136.22
  1136.01 1138.59
  1138.66 1140.54
  1140.55 1143.16
  1143.12 1144.62
  1144.63 1147.62
  1147.82 1148.92
  1148.88 1151.67
  1151.64 1152.66
  1162.63 1166.27
  1166.19 1169.31
  1169.71 1172.89
  1211.77 1214.98
  1214.99 1217.78
  1218.14 1220.06
  1222.42 1225.21
  1226.53 1228.49
  1228.51 1231.16
  1231.19 1233.49
  1235.34 1238.0
  1239.66 1241.44
  1241.36 1246.66
  1247.83 1251.38
  1251.43 1256.6
  1257.08 1259.61
  1259.95 1264.92
  1265.3 1267.53
  1298.66 1301.26
  1302.02 1303.91
  1319.85 1322.49
  1322.64 1324.61
  1326.28 1330.48
  1330.77 1333.15
  1333.13 1339.15
  1339.71 1341.5
  1341.88 1344.85
  1345.21 1347.05
  1347.2 1352.79
  1352.95 1355.55
  1372.54 1374.91
  1374.93 1377.21
  1377.61 1378.31
  1378.64 1385.22
  1385.56 1388.41
  1411.66 1415.69
  1415.71 1418.65
  1418.67 1423.14
  1423.17 1426.11
  1426.12 1431.95
  1432.37 1434.34
  1541.89 1547.1
  1547.27 1550.25
  1550.64 1551.36
  1551.8 1554.2
  1554.58 1556.23
  1558.27 1561.34
  1566.97 1571.44
  1572.16 1575.48
  1575.63 1576.48
  1580.42 1584.59
  1585.48 1589.69
  1589.67 1592.39
  1623.35 1626.55
  1626.77 1629.92
  1630.19 1632.34
  1632.36 1635.02
  1635.19 1637.9
  1654.45 1656.74
  1656.7 1658.81
  1662.67 1665.01
  1665.3 1667.42
  1667.54 1672.58
  1673.4 1677.15
  1677.14 1679.86
  1680.12 1681.6
  1686.48 1690.39
  1690.64 1694.16
  1694.31 1696.36
  1696.6 1697.96
  1697.99 1698.38
  1713.66 1715.99
  1716.15 1718.0
  1718.11 1719.54
  1720.26 1723.07
  1723.02 1726.25
  1727.11 1729.64
  1729.63 1732.09
  1732.24 1734.53
  1736.83 1740.95
  1741.92 1744.78
  1744.79 1749.33
  1749.51 1751.13
  1751.23 1751.73
  1751.86 1752.57
  1755.74 1758.31
  1758.3 1759.84
  1761.44 1770.39
  1770.79 1773.8
  1773.77 1777.46
  1777.86 1780.22
  1781.07 1782.61
  1783.59 1785.69
  1785.75 1787.64
  1787.81 1788.48
  1788.98 1793.56
  1794.51 1798.45
  1798.42 1799.37
  1799.61 1801.13
  1801.27 1809.23
  1809.37 1811.09
  1811.26 1816.53
  1816.59 1819.79
  1819.77 1826.6
  1827.07 1829.19
  1829.19 1834.03
  1834.02 1835.24
  1835.69 1839.52
  1839.57 1840.83
  1841.11 1843.88
  1844.15 1846.68
  1846.76 1848.41
  1848.48 1850.68
  1853.1 1857.89
  1857.91 1861.46
  1862.74 1865.27
  1865.22 1868.18
  1868.14 1868.83
  1868.94 1870.77
  1872.59 1874.47
  1874.45 1879.37
  1879.75 1881.47
  1883.11 1890.22
  1890.55 1895.27
  1895.29 1899.07
  1899.39 1902.08
  1902.06 1904.41
  1904.72 1906.08
  1906.11 1910.16
  1910.13 1911.77
  1911.73 1918.92
  1928.96 1930.52
  1930.53 1936.87
  1937.32 1941.92
  1943.43 1946.45
  1946.71 1949.86
  1986.48 1989.81
  1990.42 1993.74
  1993.72 2001.02
  2001.35 2005.67
  2005.66 2010.49
  2011.04 2013.04
  2040.33 2042.79
  2043.76 2045.76
  2046.09 2048.41
  2048.65 2050.67
  2062.96 2068.0
  2068.33 2070.64
  2070.84 2074.55
  2076.63 2081.11
  2081.17 2082.19
  2083.96 2086.82
  2087.05 2088.47
  2091.02 2095.39
  2095.65 2097.36
  2097.38 2100.86
  2100.94 2103.51
  2103.59 2108.5
  2108.65 2110.25
  2110.25 2113.51
  2114.03 2115.23
  2115.29 2121.05
  2121.35 2124.05
  2124.95 2128.39
  2128.41 2130.37
  2131.14 2133.86
  2134.02 2136.48
  2136.56 2138.2
  2147.59 2149.79
  2149.83 2151.94
  2152.52 2155.49
  2156.76 2159.82
  2167.82 2174.93
  2175.46 2178.81
  2178.83 2183.27
  2183.51 2185.27
  2185.87 2189.78
  2190.01 2191.77
  2191.73 2194.65
  2194.82 2197.02
  2202.28 2204.51
  2206.69 2208.12
  2236.32 2238.77
  2238.83 2241.81
  2241.79 2243.37
  2243.78 2245.53
  2245.49 2248.51
  2248.91 2251.57
  2252.61 2254.64
  2254.69 2256.36
  2269.05 2273.75
  2274.52 2278.12
  2284.38 2288.74
  2288.76 2290.91
  2291.36 2292.7
  2293.1 2295.23
  2295.88 2297.86
  2297.9 2300.46
  2300.92 2303.31
  2303.42 2305.52
  2305.73 2308.08
  2308.12 2309.93
  2310.11 2311.48
  2311.55 2314.7
  2314.76 2317.47
  2317.64 2320.72
  2321.27 2324.61
  2325.34 2327.48
  2330.44 2332.96
  2333.26 2335.38
  2335.35 2337.89
  2338.15 2340.66
  2340.75 2343.6
  2343.72 2346.42
  2346.43 2349.68
  2350.81 2353.98
  2353.95 2356.24
  2356.82 2359.55
  2359.55 2361.45
  2361.49 2363.16
  2363.09 2366.02
  2366.69 2369.77
  2369.7 2372.28
  2372.91 2376.48
  2377.63 2379.74
  2381.18 2383.74
  2383.84 2385.63
  2385.66 2387.63
  2387.88 2388.84
  2389.01 2391.45
  2391.88 2393.28
  2393.37 2396.51
  2396.66 2399.52
  2399.47 2405.63
  2406.05 2409.54
  2409.52 2416.92
  2416.93 2421.81
  2421.86 2424.77
  2424.76 2426.93
  2428.4 2431.75
  2432.28 2435.8
  2435.84 2439.51
  2439.81 2442.72
  2443.62 2446.23
  2446.88 2448.38
  2448.47 2451.84
  2452.28 2453.32
  2455.97 2459.33
  2459.34 2461.33
  2464.2 2466.28
  2466.28 2468.88
  2469.09 2470.94
  2470.95 2473.44
  2473.47 2475.55
  2475.69 2483.15
  2483.59 2486.97
  2490.44 2494.38
  2494.48 2496.12
  2518.23 2522.1
  2522.32 2524.87
  2538.01 2540.46
  2540.8 2542.78
  2542.8 2550.55
  2550.77 2554.03
  2554.06 2556.82
  2556.83 2558.09
  2559.33 2564.86
  2565.77 2568.85
  2569.23 2571.96
  2603.3 2606.44
  2606.34 2608.59
  2609.21 2613.9
  2615.15 2616.07
  2634.77 2637.86
  2638.05 2638.87
  2639.93 2643.58
  2644.1 2645.83
  2645.87 2651.31
  2651.94 2656.13
  2656.38 2659.02
  2659.37 2661.11
  2663.45 2667.28
  2667.61 2669.33
  2672.16 2675.76
  2676.1 2678.26
  2678.31 2680.58
  2680.67 2682.92
  2713.83 2716.82
  2716.92 2719.77
  2734.08 2740.4
  2740.91 2744.67
  2751.1 2753.79
  2754.16 2755.8
  2759.27 2761.37
  2761.5 2763.13
  2799.39 2801.58
  2801.81 2803.77
  2811.06 2816.1
  2816.31 2819.82
  2820.57 2825.91
  2825.92 2827.21
  2872.04 2876.07
  2876.37 2877.58
  2879.55 2882.84
  2883.46 2884.76
  2887.61 2889.94
  2935.2 2938.21
  2938.26 2939.82
  2947.33 2951.94
  2952.35 2956.16
  2956.44 2958.21
  2958.38 2958.97
  2994.89 2997.71
  2997.77 2998.45
  3037.46 3040.28
  3040.95 3043.94
  3043.93 3045.97
  3092.74 3095.14
  3095.15 3097.53
  3099.97 3102.48
  3102.77 3105.4
  3105.88 3106.52
  3125.04 3131.35
  3131.41 3135.52
  3136.18 3139.64
  3150.94 3154.47
  3154.92 3159.26
  3159.6 3162.18
  3162.69 3165.93
  3169.78 3171.69
  3172.42 3173.45
  3189.05 3195.94
  3196.54 3201.1
  3255.37 3259.23
  3259.32 3260.63
  3261.05 3263.91
  3263.86 3264.99
  3288.18 3294.05
  3294.95 3298.83
  3403.16 3407.61
  3408.69 3410.41
  3412.97 3414.29
  3423.56 3424.91
  3434.22 3437.52
  3437.83 3440.47
  3448.27 3449.74
  3462.86 3465.97
  3465.93 3469.06
  3469.25 3472.78
  3484.62 3489.43
  3491.95 3492.87
  3495.24 3498.05
  3498.2 3500.62
  3501.16 3503.85
  3503.97 3507.24
  3507.65 3510.9
  3549.78 3552.1
  3552.67 3554.81
  3556.98 3564.35
  3564.66 3572.91
  3573.16 3577.22
  3577.81 3581.2
  3583.12 3584.61
  3586.76 3588.74
  3588.97 3591.15
  3599.7 3603.84
  3605.17 3606.68
  3606.66 3608.7
  3609.42 3612.01
  3614.83 3616.72
  3617.02 3619.58
  3620.22 3621.3
  3632.26 3635.64
  3635.82 3638.76
  3638.87 3641.45
  3641.59 3643.48
  3643.83 3647.2
  3647.64 3650.98
  3651.02 3653.8
  3654.65 3656.23
  3657.55 3659.78
  3659.77 3661.18
  3675.44 3677.75
  3677.81 3680.04
  3685.22 3690.62
  3691.26 3695.49
  3697.49 3699.69
  3700.65 3701.64
  3702.2 3704.06
  3704.64 3706.37
  3711.7 3714.07
  3714.63 3716.11
  3721.68 3723.92
  3724.03 3725.58
  3733.81 3736.75
  3736.92 3739.46
  3739.47 3741.25
  3752.12 3754.13
  3754.25 3755.04
  3757.43 3762.69
  3763.15 3769.77
  3769.75 3771.45
  3781.59 3784.16
  3784.4 3785.93
  3787.21 3791.38
  3791.4 3792.25
  3796.06 3797.89
  3798.11 3800.98
  3801.09 3803.38
  3803.4 3804.53
  3824.3 3826.81
  3826.94 3828.86
  3829.74 3835.98
  3836.41 3837.23
  3850.46 3854.73
  3855.2 3857.56
  3866.73 3870.14
  3870.42 3871.18
  3872.67 3876.04
  3876.74 3879.0
  3879.09 3882.37
  3882.79 3883.59
  3884.37 3887.02
  3887.0 3889.28
  3889.49 3890.79
  3891.9 3894.25
  3894.31 3895.86
  3896.02 3896.48
  3913.76 3916.15
  3916.46 3918.43
  3918.87 3921.1
  3922.73 3923.61
  3924.88 3927.25
  3927.32 3928.0
  3935.08 3937.27
  3937.52 3939.23
  3940.35 3946.02
  3946.75 3949.96
  3952.7 3956.38
  3956.3 3958.58
  3979.66 3983.46
  3983.75 3984.56
  3985.23 3987.94
  3988.21 3989.22
  4012.48 4019.48
  4019.94 4021.61
  4064.6 4072.18
  4072.49 4073.45
  4108.11 4111.59
  4111.95 4113.22
  4174.91 4177.93
  4177.95 4179.14
  4274.06 4279.32
  4279.94 4282.39
  4363.29 4365.7
  4366.09 4368.58
  4390.42 4395.99
  4396.29 4402.06
  4402.07 4405.99
  4409.85 4412.17
  4412.66 4415.64
  4457.47 4463.81
  4464.83 4472.07
  4472.08 4475.02
  4475.83 4478.05
  4480.78 4483.17
  4483.23 4484.8
  4512.23 4515.06
  4515.13 4518.34
  4518.78 4520.38
  4523.49 4527.3
  4527.81 4530.4
  4530.64 4532.25
  4534.85 4540.87
  4542.06 4545.93
  4546.42 4555.23
  4555.54 4559.56
  4577.16 4580.74
  4580.83 4585.29
  4585.51 4589.71
  4590.38 4593.33
  4593.47 4595.32
  4607.8 4609.65
  4609.61 4611.04
  4611.22 4613.29
  4613.37 4616.38
  4616.77 4618.61
  4641.79 4644.48
  4644.51 4647.02
  4660.07 4661.99
  4662.24 4664.36
  4671.56 4677.68
  4677.81 4678.95
  4685.91 4688.26
  4688.22 4690.74
  4691.31 4694.8
  4695.19 4697.41
  4697.88 4701.0
  4701.11 4701.97
  4713.46 4715.87
  4715.89 4718.16
  4728.74 4737.11
  4737.53 4741.41
  4744.98 4747.77
  4747.76 4755.45
  4755.74 4761.35
  4765.73 4768.74
  4769.27 4770.57
  4770.63 4774.03
  4774.16 4777.57
  4814.24 4816.74
  4816.88 4819.2
  4821.96 4826.58
  4826.79 4828.93
  4831.45 4835.04
  4835.69 4836.69
  4845.34 4848.84
  4849.32 4853.38
  4853.37 4857.14
  4857.41 4858.79
  4876.62 4879.56
  4879.6 4880.51
  4891.88 4897.09
  4897.05 4899.02
  4899.18 4900.9
  4901.16 4906.92
  4907.63 4909.56
  4913.81 4917.77
  4917.79 4921.38
  4922.44 4924.61
  4924.71 4927.17
  4927.4 4929.33
  4929.5 4931.66
  4933.73 4935.82
  4936.13 4940.59
  4942.11 4942.85
  4943.18 4944.49
  4945.01 4946.79
  4948.31 4950.24
  4951.17 4953.07
  4953.08 4956.93
  4957.39 4960.6
  4960.99 4964.28
  4964.57 4965.79
  4969.06 4971.71
  4972.37 4973.64
  4977.47 4981.34
  4981.48 4983.59
  4987.06 4989.74
  4990.25 4991.8
  4993.41 4996.13
  4996.15 4997.94
  4999.89 5002.68
  5002.97 5004.52
  5005.52 5009.24
  5009.85 5012.93
  5022.63 5024.79
  5024.86 5026.81
  5036.72 5039.88
  5039.86 5042.25
  5045.91 5048.99
  5049.14 5051.17
  5051.7 5053.68
  5053.65 5056.15
  5056.62 5059.05
  5060.5 5062.71
  5063.77 5065.38
  5065.37 5067.39
  5067.82 5069.8
  5069.72 5072.12
  5073.2 5074.35
  5075.99 5077.72
  5077.75 5078.21
  5079.34 5081.77
  5082.66 5084.56
  5086.54 5093.81
  5093.99 5100.24
  5100.4 5103.13
  5103.26 5104.35
  5104.53 5110.21
  5111.59 5115.04
  5115.16 5118.58
  5118.83 5122.51
  5123.94 5130.35
  5131.45 5134.69
  5135.03 5137.15
  5137.36 5139.86
  5139.82 5140.4
  5150.9 5153.7
  5153.93 5155.74
  5161.0 5163.48
  5164.3 5166.61
  5178.24 5183.15
  5183.75 5187.88
  5188.4 5191.61
  5192.76 5193.53
  5225.77 5227.95
  5228.21 5230.61
  5231.27 5234.33
  5234.6 5236.59
  5236.62 5239.47
  5239.53 5240.79
  5241.49 5248.64
  5249.09 5253.61
  5254.54 5255.82
  5256.08 5258.59
  5258.91 5260.25
  5261.8 5265.46
  5265.69 5267.0
  5283.42 5286.2
  5286.28 5289.42
  5290.12 5293.45
  5293.63 5297.42
  5297.58 5299.82
  5327.86 5331.2
  5331.46 5333.11
  5333.3 5335.96
  5336.15 5337.4
  5337.68 5339.56
  5339.77 5340.72
  5341.08 5347.81
  5348.47 5353.93
  5378.73 5381.02
  5383.15 5384.49
  5389.46 5392.74
  5392.73 5395.51
  5414.12 5417.4
  5418.01 5419.63
  5420.85 5422.78
  5423.06 5424.35
  5434.04 5437.14
  5437.93 5440.91
  5442.36 5445.2
  5445.52 5447.4
  5460.6 5463.26
  5463.62 5465.63
  5468.23 5471.66
  5471.85 5474.88
  5475.15 5479.61
  5479.78 5480.86
  5487.13 5492.21
  5492.61 5496.36
  5514.03 5520.31
  5520.33 5521.91
  5522.93 5525.83
  5525.85 5529.71
  5530.69 5535.36
  5586.91 5589.43
  5590.35 5593.25
  5593.5 5596.48
  5596.38 5597.49
  5599.69 5601.42
  5601.6 5604.22
  5604.5 5606.33
  5611.04 5613.39
  5613.94 5616.71
  5643.88 5647.18
  5648.54 5649.52
  5649.64 5652.9
  5653.91 5657.44
  5666.06 5668.05
  5668.53 5670.48
  5673.67 5680.42
  5681.01 5684.62
  5702.42 5704.93
  5705.5 5707.42
  5710.05 5712.39
  5712.49 5713.22
  5769.69 5777.32
  5778.22 5782.98
  5795.45 5801.82
  5801.84 5806.51
  5807.4 5811.24
  5848.94 5852.1
  5853.09 5855.84
  5857.3 5858.16
  5859.2 5861.25
  5861.26 5863.36
  5876.03 5879.7
  5881.85 5882.32
  5887.0 5889.96
  5890.43 5892.69
  5907.63 5911.49
  5916.69 5920.56
  5930.41 5932.8
  5934.02 5935.69
  5935.71 5937.13
  5938.03 5939.89
  5940.02 5945.27
  5945.44 5946.87
  5950.03 5952.03
  5953.28 5955.0
  5968.67 5971.15
  5971.46 5972.74
  5974.1 5978.11
  5978.31 5981.78
  6004.22 6006.49
  6006.7 6008.09
  6009.02 6011.51
  6011.93 6018.0
  6018.44 6019.39
  6022.55 6028.75
  6029.08 6031.74
  6031.97 6036.1
  6036.4 6037.0
  6039.46 6050.63
  6050.7 6052.47
  6059.11 6061.3
  6061.7 6064.16
  6066.59 6070.43
  6070.69 6071.76
  6075.06 6077.54
  6077.97 6080.76
  6081.33 6082.26
  6090.05 6093.99
  6094.31 6095.63
  6095.92 6099.32
  6099.49 6100.62
  6107.25 6111.13
  6111.27 6115.34
  6115.83 6116.36
  6122.13 6125.77
  6126.05 6129.84
  6139.05 6142.55
  6142.99 6145.66
  6164.6 6167.75
  6167.74 6170.41
  6171.44 6173.52
  6173.98 6175.57
  6176.74 6178.93
  6179.44 6181.08
  6181.75 6184.39
  6184.57 6186.63
  6196.42 6199.5
  6200.28 6202.96
  6202.9 6205.02
  6205.29 6206.98
  6216.77 6227.03
  6228.04 6234.07
  6240.81 6243.1
  6243.07 6245.44
  6245.48 6247.65
  6247.79 6249.58
  6249.52 6251.41
  6252.71 6256.82
  6256.89 6259.88
  6259.98 6264.31
  6265.0 6266.12
  6275.61 6277.78
  6278.71 6280.8
  6292.89 6295.09
  6295.42 6297.23
  6298.93 6302.0
  6302.29 6305.26
  6305.3 6308.91
  6309.17 6312.53
  6312.55 6317.94
  6318.72 6323.24
  6323.28 6330.18
  6330.53 6333.31
  6334.1 6338.07
  6338.2 6339.0
  6339.27 6341.55
  6341.83 6344.46
  6349.58 6352.93
  6354.1 6355.73
  6356.22 6360.0
  6360.92 6365.23
  6386.02 6388.19
  6389.2 6390.97
  6415.73 6420.19
  6423.68 6424.62
  6425.13 6425.66
  6428.29 6431.97
  6432.73 6435.76
  6435.94 6439.09
  6439.18 6441.27
  6441.28 6448.36
  6449.02 6453.41
  6472.1 6474.48
  6474.9 6476.78
  6519.02 6522.0
  6523.42 6527.77
  6549.1 6550.9
  6551.36 6556.01
  6557.45 6566.19
  6566.46 6569.26
  6573.29 6574.68
  6586.28 6590.55
  6590.47 6592.93
  6593.21 6594.95
  6640.74 6643.3
  6643.39 6644.97
  6659.65 6663.46
  6664.15 6665.89
  6709.08 6711.7
  6712.42 6714.66
  6714.73 6715.65
  6727.53 6729.67
  6729.82 6731.57
  6772.42 6778.43
  6778.99 6782.37
  6939.71 6941.87
  6942.03 6943.21
  7076.12 7080.2
  7081.05 7083.75
  7084.28 7085.85
  7085.96 7087.15
  7087.28 7090.5
  7090.69 7095.49
  7095.63 7098.37
  7102.43 7114.35
  7114.42 7117.03
  7138.24 7142.04
  7142.42 7146.73
  7147.36 7149.57
  7166.53 7169.6
  7169.97 7172.12
  7185.2 7188.31
  7188.78 7190.95
  7205.76 7209.03
  7209.82 7211.92
  7217.31 7224.41
  7224.83 7226.1
  7228.37 7234.25
  7234.52 7237.85
  7237.84 7239.87
  7240.07 7240.75
  7245.4 7248.33
  7249.12 7251.13
  7276.92 7280.74
  7281.63 7284.97
  7285.18 7292.26
  7292.36 7297.41
  7299.76 7310.12
  7312.15 7315.59
  7340.17 7346.03
